88,6
88,5
88,4
105,3
105,2
105,1
105,0
104,3
104,2
104,1
104,0
103,4
103,3
103,2
0,533
0,532
103,1
103,0
102,5
102,4
102,3
102,2
102,1
102,0
101,4
101,3
101,2
101,1
101,0
100,3
100,2
100,1
100,0
99,3
99,2
99,1
99,0
98,5
98,4
98,3
98,2
98,1
98,0
97,4
97,3
97,2
97,1
97,0
96,4
96,3
96,2
96,1
96,0
95,3
95,2
95,1
95,0
94,3
94,2
94,1
94,0
93,5
0,531
0,530
0,529
93,4
93,3
93,2
93,1
93,0
92,3
92,2
92,1
92,0
91,3
91,2
0,528
91,1
91,0
0,527
0,526
0,525
90,3
90,2
90,1
90,0
0,524
89,3
89,2
0,523
89,1
89,0
0,522
88,3
88,2
0,521
88,1
88,0
0,520
0,519
87,3
87,2
87,1
87,0
86,4
86,3
86,2
86,1
86,0
85,4
85,3
85,2
85,1
85,0
84,3
84,2
84,1
84,0
0,518
83,3
83,2
83,1
83,0
82,3
82,2
82,1
82,0
0,517
0,516
0,515
81,4
81,3
81,2
0,514
0,513
0,512
81,1
81,0
0,511
0,510
80,5
80,4
80,3
80,2
80,1
80,0
0,509
79,4
79,3
79,2
79,1
79,0
78,3
78,2
78,1
78,0
77,3
77,2
77,1
77,0
76,5
76,4
76,3
76,2
76,1
76,0
